109999 309217 2 97 Road
353547 337052 1 133 Road
731974 58770 3 86 None
358572 63090 2 87 Road
673036 250118 1 0 None
720395 133567 2 11 None
752451 223897 2 111 None
223500 17980 3 124 Rail
796556 361891 3 109 None
689339 507865 3 98 None
107461 737259 3 149 Road
194117 674329 1 110 Rail
139463 83502 2 85 None
693765 234511 3 2 Rail
65056 770733 3 92 Road
225954 503188 3 51 Road
208630 651995 3 122 Rail
399743 391868 2 27 Road
77423 468362 1 162 Road
527291 633471 2 172 Rail
325190 698556 2 130 Rail
806516 428996 3 97 None
150625 47521 3 9 Rail
228149 498367 1 107 Road
86393 505154 1 26 Rail
654428 415357 2 35 None
