0 277150 547939 4 179 Rail
1 407547 718860 4 122 Road
2 163652 130738 4 10 None
3 804192 229846 4 22 Rail
4 430343 439173 4 84 None
5 681055 281890 4 128 None
6 276284 51411 4 145 Road
7 618642 261589 4 91 Rail
8 77555 710044 4 111 Rail
9 588244 701289 4 36 Rail
10 104798 615726 4 141 Road
11 257655 651375 4 180 Rail
12 65149 491602 4 50 Rail
13 748325 11428 4 11 None
14 15760 782664 4 0 Road
15 430801 420029 4 158 Road
16 45630 768625 4 55 Rail
17 430689 69770 4 180 Road
18 643553 139396 4 167 None
19 610889 638775 4 128 Rail
20 705100 265103 4 140 Rail
21 327257 58446 4 64 Rail
22 16920 120679 4 162 Road
23 387137 837333 4 147 Rail
24 295297 185031 4 18 Rail
25 471691 518833 4 55 Rail
