0 726699 96312 3 59 Rail
1 125768 418576 3 24 None
2 424989 604297 2 85 None
3 403610 83977 3 32 Rail
4 469957 345574 2 7 Road
5 666263 584842 3 147 Rail
6 93546 129603 1 178 Road
7 725311 774352 3 82 Road
8 813501 473139 2 139 None
9 793340 276548 2 37 None
10 215238 594804 1 109 Road
11 587278 697966 2 178 Road
12 94396 24027 1 40 Rail
13 532827 543921 1 175 None
14 740436 547338 2 143 Road
15 657118 1363 3 108 None
16 727718 67767 2 90 Rail
17 184783 142707 3 41 None
18 111011 492178 1 132 Rail
19 786450 246475 3 62 None
20 837973 520676 3 0 None
21 484670 509020 2 92 Rail
22 761774 344854 3 119 Road
23 21099 343952 1 155 Rail
24 246157 11215 2 131 None
25 188225 782560 1 60 Road
