0 130126 179440 4 166 None
1 169811 395522 4 4 None
2 836421 149509 4 109 None
3 837242 680780 4 72 None
4 389471 313870 4 180 None
5 225200 216567 4 17 None
6 316256 704113 4 103 None
7 87996 426752 4 92 None
8 410902 793758 4 38 None
9 779603 87996 4 148 None
10 243763 130126 4 69 None
11 758136 78591 4 120 None
12 623585 34684 4 29 None
13 510189 758136 4 19 None
14 34684 220521 4 95 None
15 582740 34684 4 66 None
16 827567 786836 4 121 None
17 839691 695980 4 104 None
18 582740 836882 4 32 None
19 814150 106466 4 148 None
20 673283 230033 4 22 None
21 505534 814150 4 173 None
22 220521 538095 4 77 None
23 25292 316256 4 20 None
24 650590 698430 4 21 None
25 73370 202307 4 31 None
